%YAML:1.0
---
camera_matrix: !!opencv-matrix
   rows: 3
   cols: 3
   dt: d
   data: [ 328.08726682680361, 0., 138.17831562402296, 0.,
       347.86458771320213, 115.07643209317168, 0., 0., 1. ]
dist_coeffs: !!opencv-matrix
   rows: 1
   cols: 5
   dt: d
   data: [ -0.71247840422135422, 2.538719563346163, 0.012448473718784363,
       0.026137401946846862, 0.61829588097650934 ]
rms: 0.05615857725877272
