%YAML:1.0
---
camera_matrix: !!opencv-matrix
   rows: 3
   cols: 3
   dt: d
   data: [ 179.6284064308314, 0., 99.212915182626062, 0.,
       171.45561546193798, 122.9922395493017, 0., 0., 1. ]
dist_coeffs: !!opencv-matrix
   rows: 1
   cols: 5
   dt: d
   data: [ -0.15035528585160921, 0.084433194288232968,
       0.0033877094860848096, -0.022618582055198698,
       -0.025084158554340583 ]
rms: 0.047597600994077775
