%YAML:1.0
---
camera_matrix: !!opencv-matrix
   rows: 3
   cols: 3
   dt: d
   data: [ 7.1891774125763538e+02, 0., 5.2381794931350737e+02, 0.,
       7.2996753357291084e+02, 2.8567599276921334e+02, 0., 0., 1. ]
dist_coeffs: !!opencv-matrix
   rows: 1
   cols: 5
   dt: d
   data: [ 3.1065323757240269e-02, -1.7970956773800323e-01,
       8.7424693585348354e-04, 1.7705725364565114e-04,
       2.1372764511022455e-01 ]
rms: 1.8599478985450205e-01
