%YAML:1.0
---
camera_matrix: !!opencv-matrix
   rows: 3
   cols: 3
   dt: d
   data: [ 7.2205963507365414e+02, 0., 5.1369587129783963e+02, 0.,
       7.3273466689332599e+02, 2.9273935672385414e+02, 0., 0., 1. ]
dist_coeffs: !!opencv-matrix
   rows: 1
   cols: 5
   dt: d
   data: [ 1.1064844209676968e-02, -1.3689906437554880e-01,
       -1.4157884333436200e-03, 1.2990024534971344e-03,
       2.0230712230842138e-01 ]
rms: 1.9946791545428635e-01
