%YAML:1.0
---
K1: !!opencv-matrix
   rows: 3
   cols: 3
   dt: d
   data: [ 7.1891774125763538e+02, 0., 5.2381794931350737e+02, 0.,
       7.2996753357291084e+02, 2.8567599276921334e+02, 0., 0., 1. ]
D1: !!opencv-matrix
   rows: 1
   cols: 5
   dt: d
   data: [ 3.1065323757240269e-02, -1.7970956773800323e-01,
       8.7424693585348354e-04, 1.7705725364565114e-04,
       2.1372764511022455e-01 ]
K2: !!opencv-matrix
   rows: 3
   cols: 3
   dt: d
   data: [ 7.2205963507365414e+02, 0., 5.1369587129783963e+02, 0.,
       7.3273466689332599e+02, 2.9273935672385414e+02, 0., 0., 1. ]
D2: !!opencv-matrix
   rows: 1
   cols: 5
   dt: d
   data: [ 1.1064844209676968e-02, -1.3689906437554880e-01,
       -1.4157884333436200e-03, 1.2990024534971344e-03,
       2.0230712230842138e-01 ]
R: !!opencv-matrix
   rows: 3
   cols: 3
   dt: d
   data: [ 9.9936534788850806e-01, 7.6621740872945664e-03,
       -3.4787821546301362e-02, -8.5850387613923256e-03,
       9.9961308776998092e-01, -2.6456981468600427e-02,
       3.4571643714852621e-02, 2.6738845285847079e-02,
       9.9904446127468860e-01 ]
T: !!opencv-matrix
   rows: 3
   cols: 1
   dt: d
   data: [ 1.5807829584364481e+02, -3.5941825875566109e+00,
       3.4135319236200807e+00 ]
RMS: 2.0520039054800851e-01
