%YAML:1.0
---
K1: !!opencv-matrix
   rows: 3
   cols: 3
   dt: d
   data: [ 179.6284064308314, 0., 99.212915182626062, 0.,
       171.45561546193798, 122.9922395493017, 0., 0., 1. ]
D1: !!opencv-matrix
   rows: 1
   cols: 5
   dt: d
   data: [ -0.15035528585160921, 0.084433194288232968,
       0.0033877094860848096, -0.022618582055198698,
       -0.025084158554340583 ]
K2: !!opencv-matrix
   rows: 3
   cols: 3
   dt: d
   data: [ 328.08726682680361, 0., 138.17831562402296, 0.,
       347.86458771320213, 115.07643209317168, 0., 0., 1. ]
D2: !!opencv-matrix
   rows: 1
   cols: 5
   dt: d
   data: [ -0.71247840422135422, 2.538719563346163, 0.012448473718784363,
       0.026137401946846862, 0.61829588097650934 ]
R: !!opencv-matrix
   rows: 3
   cols: 3
   dt: d
   data: [ 0.99617419007482932, -0.039034480583306733,
       0.078187546030996646, 0.018114163662568551, 0.96749874172375483,
       0.25222621163899062, -0.085491871564280619, -0.24984494008993388,
       0.96450435240484733 ]
T: !!opencv-matrix
   rows: 3
   cols: 1
   dt: d
   data: [ -73.83638876832147, -42.101040890353225, 163.8007910958238 ]
RMS: 0.052023774237975474
